odom_or_x: -0.358642578125
odom_or_y: -0.590637207031
odom_or_z: -0.608032226562
odom_or_w: -0.390991210938
odom_pos_x: 0.846
odom_pos_y: 1.088